x=0:0.10:2;
y=x.^2
z=x.^3